질점_A
t,x,y
0.000000000E0,1.282260870E2,4.506956522E1
4.166666667E-2,1.245217391E2,4.877391304E1
8.333333333E-2,1.245217391E2,4.877391304E1
1.250000000E-1,1.244367556E2,4.877415818E1
1.666666667E-1,1.243127666E2,4.845706265E1
2.083333333E-1,1.244868331E2,4.671751179E1
2.500000000E-1,1.245100453E2,4.456780444E1
2.916666667E-1,1.257205638E2,3.937822920E1
3.333333333E-1,1.288807401E2,2.945858203E1
3.750000000E-1,1.278762643E2,1.592847053E1
4.166666667E-1,1.257218370E2,2.852284348E0
4.583333333E-1,1.232635439E2,-1.731749109E1
5.000000000E-1,1.195043620E2,-3.332360153E1
5.416666667E-1,1.132857166E2,-5.247796027E1
5.833333333E-1,1.066739256E2,-6.855977113E1
6.250000000E-1,9.932077802E1,-8.214454226E1
6.666666667E-1,9.247412373E1,-9.266991158E1
7.083333333E-1,8.724101309E1,-9.996117823E1
7.500000000E-1,8.499773918E1,-1.033700957E2
7.916666667E-1,8.529939416E1,-1.025931940E2
8.333333333E-1,8.846364101E1,-9.894755119E1
8.750000000E-1,9.445259858E1,-9.251078376E1
9.166666667E-1,1.013550603E2,-8.380220072E1
9.583333333E-1,1.085443025E2,-7.314599975E1
1.000000000E0,1.155256302E2,-6.107549857E1
1.041666667E0,1.205806268E2,-4.834386891E1
1.083333333E0,1.243106313E2,-3.452227600E1
1.125000000E0,1.263662373E2,-2.070070155E1
1.166666667E0,1.264772229E2,-8.133018533E0
1.208333333E0,1.255684846E2,2.889001693E0
1.250000000E0,1.236942928E2,1.095617376E1
1.291666667E0,1.214503650E2,1.527082842E1
1.333333333E0,1.187085507E2,1.556402142E1
1.375000000E0,1.158187688E2,1.175482636E1
1.416666667E0,1.132084550E2,4.861260045E0
1.458333333E0,1.104217863E2,-5.154098581E0
1.500000000E0,1.072577740E2,-1.683445154E1
1.541666667E0,1.036114291E2,-2.918716710E1
1.583333333E0,1.006127860E2,-4.131315228E1
1.625000000E0,9.762226768E1,-5.249975636E1
1.666666667E0,9.556156626E1,-6.219053110E1
1.708333333E0,9.450828347E1,-7.021622831E1
1.750000000E0,9.442151230E1,-7.587338902E1
1.791666667E0,9.555097184E1,-7.920250479E1
1.833333333E0,9.767711284E1,-7.999304775E1
1.875000000E0,1.005111563E2,-7.822392331E1
1.916666667E0,1.033039171E2,-7.431912247E1
1.958333333E0,1.055139413E2,-6.884206991E1
2.000000000E0,1.084013635E2,-6.162064960E1
2.041666667E0,1.105336581E2,-5.412598550E1
2.083333333E0,1.118914720E2,-4.532086503E1
2.125000000E0,1.130604646E2,-3.618470811E1
2.166666667E0,1.134287161E2,-2.720938226E1
2.208333333E0,1.134845553E2,-1.935500422E1
2.250000000E0,1.132013830E2,-1.237366428E1
2.291666667E0,1.120937281E2,-7.398637597E0
2.333333333E0,1.106981275E2,-4.796239773E0
2.375000000E0,1.094346316E2,-4.219186863E0
2.416666667E0,1.076229082E2,-6.181135322E0
2.458333333E0,1.065230019E2,-1.004431995E1
2.500000000E0,1.054400348E2,-1.526597323E1
2.541666667E0,1.040886960E2,-2.185664370E1
2.583333333E0,1.034392341E2,-2.912048817E1
2.625000000E0,1.025329469E2,-3.632853654E1
2.666666667E0,1.017458047E2,-4.334225268E1
2.708333333E0,1.015527649E2,-4.927301109E1
2.750000000E0,1.015719079E2,-5.466115347E1
2.791666667E0,1.017134024E2,-5.833479578E1
2.833333333E0,1.030853880E2,-6.035495901E1
2.875000000E0,1.046150991E2,-6.109018666E1
2.916666667E0,1.060176137E2,-6.054300713E1
2.958333333E0,1.074156763E2,-5.824535030E1
3.000000000E0,1.078433976E2,-5.539157573E1
3.041666667E0,1.085310969E2,-5.209953039E1
3.083333333E0,1.090998243E2,-4.805448995E1
3.125000000E0,1.094574537E2,-4.367994385E1
3.166666667E0,1.093982481E2,-3.887517248E1
3.208333333E0,1.091116332E2,-3.432207409E1
3.250000000E0,1.089381482E2,-3.103197033E1
3.291666667E0,1.085900364E2,-2.734151338E1
3.333333333E0,1.077619287E2,-2.517990366E1
3.375000000E0,1.074879647E2,-2.327002886E1
3.416666667E0,1.068536288E2,-2.298076769E1
3.458333333E0,1.062395460E2,-2.308901612E1
3.500000000E0,1.058046211E2,-2.459277815E1
3.541666667E0,1.055717755E2,-2.623722318E1
3.583333333E0,1.055105592E2,-2.822082784E1
3.625000000E0,1.055400017E2,-3.032041256E1
3.666666667E0,1.054439249E2,-3.278254257E1
3.708333333E0,1.056189948E2,-3.526377543E1
3.750000000E0,1.058563486E2,-3.692824135E1
3.791666667E0,1.055791460E2,-4.012221793E1
3.833333333E0,1.057124841E2,-4.202971943E1
3.875000000E0,1.065095030E2,-4.318822712E1
3.916666667E0,1.067293865E2,-4.347070258E1
3.958333333E0,1.073678065E2,-4.334150907E1
4.000000000E0,1.075439853E2,-4.307590567E1
4.041666667E0,1.075969598E2,-4.226200029E1
4.083333333E0,1.076068496E2,-4.131300243E1
4.125000000E0,1.074835472E2,-4.018265570E1
4.166666667E0,1.074549760E2,-3.933056396E1
4.208333333E0,1.071313994E2,-3.799392189E1
4.250000000E0,1.067481697E2,-3.752554868E1
4.291666667E0,1.064207355E2,-3.694384228E1
4.333333333E0,1.060738024E2,-3.633902837E1
4.375000000E0,1.053922029E2,-3.639332696E1
4.416666667E0,1.048336664E2,-3.660961893E1
4.458333333E0,1.046837003E2,-3.672577072E1
4.500000000E0,1.045655247E2,-3.669421924E1
4.541666667E0,1.044312444E2,-3.691614287E1
4.583333333E0,1.044765884E2,-3.689576635E1
4.625000000E0,1.045894533E2,-3.689668506E1
4.666666667E0,1.046298681E2,-3.688366943E1
4.708333333E0,1.046734423E2,-3.692231711E1
4.750000000E0,1.046423306E2,-3.689278407E1
4.791666667E0,1.046423302E2,-3.689278430E1
4.833333333E0,1.046326526E2,-3.686637567E1
4.875000000E0,1.046292193E2,-3.686296612E1
4.916666667E0,1.046292197E2,-3.686296585E1
4.958333333E0,1.046292171E2,-3.686296763E1
5.000000000E0,1.045989015E2,-3.683271074E1
5.041666667E0,1.045989899E2,-3.683947048E1
5.083333333E0,1.045989924E2,-3.683946839E1
5.125000000E0,1.046007907E2,-3.682041383E1
5.166666667E0,1.045888662E2,-3.680186150E1
5.208333333E0,1.045888666E2,-3.680186120E1
5.250000000E0,1.045892507E2,-3.679926555E1
5.291666667E0,1.046021239E2,-3.681562857E1
5.333333333E0,1.045916495E2,-3.676808266E1
5.375000000E0,1.045915670E2,-3.676808034E1
5.416666667E0,1.045926046E2,-3.680811815E1
5.458333333E0,1.045986436E2,-3.684202239E1
5.500000000E0,1.045985672E2,-3.686468396E1
5.541666667E0,1.045985664E2,-3.686468469E1
5.583333333E0,1.045922629E2,-3.682669838E1
5.625000000E0,1.045924572E2,-3.682484034E1
5.666666667E0,1.046036418E2,-3.684891159E1
5.708333333E0,1.046210281E2,-3.690322849E1
5.750000000E0,1.046001160E2,-3.691264371E1
5.791666667E0,1.045930293E2,-3.688365049E1
5.833333333E0,1.045727148E2,-3.701898452E1
5.875000000E0,1.045728880E2,-3.701892885E1
5.916666667E0,1.045566598E2,-3.700985197E1
5.958333333E0,1.045566605E2,-3.700985043E1
6.000000000E0,1.045583143E2,-3.700479766E1
6.041666667E0,1.045583135E2,-3.700479946E1
6.083333333E0,1.045583134E2,-3.700479950E1
6.125000000E0,1.045597466E2,-3.700746673E1
6.166666667E0,1.045597458E2,-3.700746844E1
6.208333333E0,1.045597465E2,-3.700746703E1
6.250000000E0,1.045589563E2,-3.700732320E1
6.291666667E0,1.045589576E2,-3.700732044E1
6.333333333E0,1.045589578E2,-3.700732009E1
6.375000000E0,1.045605587E2,-3.700826812E1
6.416666667E0,1.045605652E2,-3.700830732E1
6.458333333E0,1.045605656E2,-3.700830640E1
